// A.c------------------------------------------------------
#include<stdio.h>
#include<string.h>

char str[] = {87,104,97,116,32,105,115,32,116,104,101,32,100,105,102,102,101,114,101,110,99,101,32,98,101,116,119,101,101,110,10,97,32,39,32,97,110,100,32,97,32,34,63,32,32,79,114,32,98,101,116,119,101,101,110,32,97,32,34,32,97,110,100,32,97,32,92,34,63,10,10,79,110,101,32,105,115,32,119,104,97,116,32,119,101,32,115,101,101,32,119,104,101,110,32,119,101,39,114,101,32,116,121,112,105,110,103,32,111,117,114,32,112,114,111,103,114,97,109,46,10,84,104,101,32,111,116,104,101,114,32,105,115,32,119,104,97,116,32,97,112,112,101,97,114,115,32,111,110,32,116,104,101,32,34,99,111,110,115,111,108,101,46,34,10};
int main(){
	printf("%s", str);
	return 0;
}

// B.c------------------------------------------------------
#include<stdio.h>
#include<string.h>

char str[] = {32,32,95,95,95,95,95,95,95,10,32,47,32,32,32,32,32,32,32,92,10,47,32,32,32,32,32,32,32,32,32,92,10,45,34,45,39,45,34,45,39,45,34,45,10,92,32,32,32,32,32,32,32,32,32,47,10,32,92,95,95,95,95,95,95,95,47,10};
int main(){
	printf("%s", str);
	return 0;
}

// C.c------------------------------------------------------
#include<stdio.h>
#include<string.h>

char str[] = {47,32,92,32,47,47,32,92,92,32,47,47,47,32,92,92,92,10};
int main(){
	printf("%s", str);
	return 0;
}

// D.c------------------------------------------------------
#include<stdio.h>
#include<string.h>

char str[] = {47,47,47,47,47,47,47,47,47,47,47,47,47,47,47,47,47,47,47,47,47,47,10,124,124,32,86,105,99,116,111,114,121,32,105,115,32,109,105,110,101,33,32,124,124,10,92,92,92,92,92,92,92,92,92,92,92,92,92,92,92,92,92,92,92,92,92,92,10};
int main(){
	printf("%s", str);
	return 0;
}

// E.c------------------------------------------------------
#include<stdio.h>
#include<string.h>

char str[] = {32,32,92,47,10,32,92,92,47,47,10,92,92,92,47,47,47,10,47,47,47,92,92,92,10,32,47,47,92,92,10,32,32,47,92,10};
int main(){
	printf("%s", str);
	return 0;
}

// F.c------------------------------------------------------
#include<stdio.h>
#include<string.h>

char str[] = {65,32,34,113,117,111,116,101,100,34,32,83,116,114,105,110,103,32,105,115,10,39,109,117,99,104,39,32,98,101,116,116,101,114,32,105,102,32,121,111,117,32,108,101,97,114,110,10,116,104,101,32,114,117,108,101,115,32,111,102,32,34,101,115,99,97,112,101,32,115,101,113,117,101,110,99,101,115,46,34,10,65,108,115,111,44,32,34,34,32,114,101,112,114,101,115,101,110,116,115,32,97,110,32,101,109,112,116,121,32,83,116,114,105,110,103,46,10,68,111,110,39,116,32,102,111,114,103,101,116,58,32,117,115,101,32,92,34,32,105,110,115,116,101,97,100,32,111,102,32,34,32,33,10,39,39,32,105,115,32,110,111,116,32,116,104,101,32,115,97,109,101,32,97,115,32,34,10};
int main(){
	printf("%s", str);
	return 0;
}

// G.c------------------------------------------------------
#include<stdio.h>
#include<string.h>

char str[] = {35,105,110,99,108,117,100,101,32,34,115,116,100,105,111,46,104,34,10,10,10,105,110,116,32,109,97,105,110,40,118,111,105,100,41,32,123,10,112,114,105,110,116,102,40,34,72,101,108,108,111,32,87,111,114,108,100,92,110,34,41,59,10,114,101,116,117,114,110,32,48,59,10,125,10};
int main(){
	printf("%s", str);
	return 0;
}

// H.c------------------------------------------------------
#include<stdio.h>
#include<string.h>

char str[] = {84,104,101,114,101,39,115,32,111,110,101,32,116,104,105,110,103,32,101,118,101,114,121,32,99,111,100,101,114,32,109,117,115,116,32,117,110,100,101,114,115,116,97,110,100,58,10,84,104,101,32,112,114,105,110,116,102,32,99,111,109,109,97,110,100,46,10};

void print(){
	printf("%s\n", str);
}
int main(){
	print();print();
	return 0;
}

// I.c------------------------------------------------------
#include<stdio.h>
#include<string.h>


char mid[] = {124,124,32,86,105,99,116,111,114,121,32,105,115,32,109,105,110,101,33,32,124,124,10,92,92,92,92,92,92,92,92,92,92,92,92,92,92,92,92,92,92,92,92,92,92,10};

void lp(){
	printf("%s", mid);
}
int main(){
    int i;
    for(i = 0; i < 22; i++) printf("%c", 47);
    printf("%c", 10);
    for(i = 0; i < 5; i++) lp();
	return 0;
}


